1	1	-85.605165	34.984678
1	1	-85.1844	32.861317
1	1	-84.96303	32.424244
1	1	-85.007103	32.328362
1	1	-84.8908943031	32.26150384392
1	1	-85.061144	32.134065
1	1	-85.140731	31.857461
1	1	-85.041305	31.540987
1	1	-85.107516	31.186451
1	1	-85.002368	31.000682
1	1	-87.598928	30.997457
1	1	-87.634938	30.865886
1	1	-87.406958	30.675165
1	1	-87.366939	30.44048
1	1	-87.518324	30.280435
1	1	-87.755263	30.277292
1	1	-87.906343	30.40938
1	1	-88.008396	30.684956
1	1	-88.136173	30.320729
1	1	-88.395023	30.369425
1	1	-88.473227	31.893856
1	1	-88.097888	34.892202
1	1	-88.200064	34.995634
1	1	-88.202959	35.008028
2	1	-147.787110884	70.24536349412
2	1	-146.991109	70.14761
2	1	-145.858296954	70.16599608296
2	1	-144.953637	69.959262
2	1	-143.574986	70.154598
2	1	-142.746807	70.042531
2	1	-142.009321	69.800726
2	1	-141.606229	69.761695
2	1	-141.377718	69.634631
2	1	-141.002672	69.645609
2	1	-141.00184	60.306105
2	1	-140.53509	60.224224
2	1	-140.472292	60.31059
2	1	-139.989142	60.18524
2	1	-139.698361	60.340421
2	1	-139.086669	60.357654
2	1	-139.200346	60.090701
2	1	-138.702053	59.910245
2	1	-138.620931	59.770559
2	1	-137.604277	59.243057
2	1	-137.526424	58.906834
2	1	-136.826633	59.158389
2	1	-136.581521	59.164909
2	1	-136.474326	59.464194
2	1	-136.256889	59.623646
2	1	-135.477436	59.799626
2	1	-135.231148	59.697176
2	1	-135.027456	59.563692
2	1	-134.961972	59.280376
2	1	-134.702383	59.247836
2	1	-134.250526	58.858046
2	1	-133.840392	58.727991
2	1	-133.379908	58.427909
2	1	-133.460377	58.38361
2	1	-133.176444	58.150151
2	1	-133.076421	57.999762
2	1	-132.252187	57.215655
2	1	-132.371312	57.095229
2	1	-132.051044	57.051155
2	1	-132.125934	56.874698
2	1	-131.871725	56.804965
2	1	-131.835133	56.601849
2	1	-131.581221	56.613275
2	1	-131.085704	56.40654
2	1	-130.466874	56.239789
2	1	-130.425575	56.140676
2	1	-130.102761	56.116696
2	1	-130.013198	55.916382
2	1	-130.150061	55.727099
2	1	-129.980058	55.28423
2	1	-130.339504	54.921376
2	1	-130.686192	54.71691
2	1	-130.947098	54.826047
2	1	-131.093806	55.191335
2	1	-131.197489	55.391051
2	1	-131.424502	55.238764
2	1	-131.844157	55.456742
2	1	-131.654172	55.592431
2	1	-131.689509	55.890232
2	1	-131.836962	55.875472
2	1	-131.971792	55.498279
2	1	-132.183207	55.588128
2	1	-132.283594	55.761774
2	1	-132.08605	55.832436
2	1	-131.943402	56.192557
2	1	-132.323242	55.851878
2	1	-132.492795	56.066436
2	1	-132.723396	56.145814
2	1	-132.52936	56.338555
2	1	-132.35871	56.2908
2	1	-132.361293	56.534232
2	1	-132.281464466	56.66559332237
2	1	-132.528445732	56.70205575331
2	1	-132.373615	56.820353
2	1	-132.637458	56.78091
2	1	-132.91197	56.966651
2	1	-133.517197	57.177776
2	1	-133.274829	57.330625
2	1	-133.468267	57.364217
2	1	-133.65453	57.713689
2	1	-133.162464	57.599796
2	1	-133.569787	57.859365
2	1	-133.814706	57.832979
2	1	-134.144813	58.171242
2	1	-134.587101	58.205802
2	1	-135.074096	58.502123
2	1	-135.208585	59.076824
2	1	-135.430331	59.3272
2	1	-135.339948	58.888955
2	1	-135.142322	58.61637
2	1	-135.056227	58.189884
2	1	-135.433061	58.399899
2	1	-135.917917	58.381237
2	1	-135.912187	58.6188
2	1	-136.162725	58.977261
2	1	-136.161943	58.752171
2	1	-136.493716	58.838963
2	1	-136.544899	58.967314
2	1	-136.91853	58.947217
2	1	-136.463258	58.781607
2	1	-136.482395	58.616739
2	1	-136.223308	58.675028
2	1	-136.053028	58.417375
2	1	-136.376464	58.298625
2	1	-136.6135	58.347889
2	1	-136.658638	58.207323
2	1	-136.946663	58.393185
2	1	-137.111802	58.392594
2	1	-137.67169	58.615523
2	1	-138.118853	59.021307
2	1	-138.636702	59.130585
2	1	-139.855565	59.53666
2	1	-139.51818	59.687814
2	1	-139.624665	59.884388
2	1	-140.3144	59.698302
2	1	-140.92722	59.745709
2	1	-141.442023	59.873324
2	1	-141.467527612	59.97127234031
2	1	-141.709054	59.948938
2	1	-142.537534	60.083953
2	1	-142.875248	60.092428
2	1	-143.931211	59.998343
2	1	-144.253979	60.182934
2	1	-144.942134	60.289728
2	1	-144.848662	60.455192
2	1	-145.18104123	60.4075313416
2	1	-145.122441	60.289876
2	1	-145.594158	60.45183
2	1	-145.9469	60.455395
2	1	-146.64103	60.240897
2	1	-146.610443	60.485613
2	1	-145.800411	60.593996
2	1	-145.841418	60.689787
2	1	-146.253074	60.622315
2	1	-146.064557	60.776944
2	1	-146.800612	60.80516
2	1	-146.661518	61.060776
2	1	-146.973072	60.934835
2	1	-147.094863329	61.0101890143
2	1	-147.525056	60.896057
2	1	-147.602405	60.849978
2	1	-147.760843	60.913227
2	1	-148.133987	60.791268
2	1	-147.947784784	61.04062516598
2	1	-148.149023621	61.07667202091
2	1	-148.450121689	60.79640517608
2	1	-148.106987	60.73977
2	1	-148.328987	60.476182
2	1	-148.102747	60.598026
2	1	-147.941709	60.444029
2	1	-148.025597	60.279029
2	1	-148.139869	60.241081
2	1	-148.121797	60.073548
2	1	-147.863929	60.006619
2	1	-148.251099	59.952416
2	1	-148.316849	60.165437
2	1	-148.445588	59.963755
2	1	-149.09507	59.983019
2	1	-149.287588	59.906506
2	1	-149.393171003	60.09984521602
2	1	-149.778024207	59.68593003649
2	1	-150.028295728	59.78865228114
2	1	-150.031935472	59.6139474691
2	1	-150.355493	59.598412
2	1	-150.942212	59.233136
2	1	-151.407203	59.279349
2	1	-151.739068	59.156005
2	1	-151.978748	59.253779
2	1	-151.886513	59.421033
2	1	-151.192803	59.562432
2	1	-150.927312	59.793431
2	1	-151.503821832	59.63366175306
2	1	-151.859327	59.749567
2	1	-151.702898	60.032253
2	1	-151.299782276	60.38548076338
2	1	-151.40927	60.720558
2	1	-151.037007	60.793649
2	1	-150.401859	61.036227
2	1	-150.04557	60.910004
2	1	-149.73537647	60.98781297325
2	1	-150.075451	61.156269
2	1	-149.985874	61.237515
2	1	-150.655803634	61.29817312259
2	1	-151.166606	61.046404
2	1	-151.7139125	60.91654607439
2	1	-151.710444	60.712657
2	1	-152.079432858	60.69280363707
2	1	-152.331365	60.473525
2	1	-152.234199	60.393888
2	1	-152.747026	60.233311
2	1	-152.569121	60.071748
2	1	-152.706431	59.915284
2	1	-153.278808	59.828066
2	1	-153.051559	59.691562
2	1	-153.409422	59.636328
2	1	-153.454972	59.792099
2	1	-153.577828	59.555991
2	1	-153.761480127	59.5434107781
2	1	-153.727546	59.435346
2	1	-154.117671513	59.36550790659
2	1	-154.263291	59.138462
2	1	-154.159834895	59.01059542744
2	1	-153.704162	59.07578
2	1	-153.25224989	58.85584998558
2	1	-153.601257	58.634633
2	1	-154.065121	58.48643
2	1	-153.985416	58.390877
2	1	-154.167997	58.358378
2	1	-154.210078	58.136062
2	1	-154.581547	58.019285
2	1	-154.990431	58.013424
2	1	-155.338153	57.825384
2	1	-155.305814	57.72405
2	1	-155.596857	57.783539
2	1	-155.732779	57.549732
2	1	-156.033806	57.569883
2	1	-156.021875	57.43966
2	1	-156.19574	57.480059
2	1	-156.533544	57.328527
2	1	-156.32191	57.293369
2	1	-156.55052	56.98461
2	1	-156.918796	56.963583
2	1	-157.183636	56.769079
2	1	-157.436932	56.858522
2	1	-157.466497	56.623266
2	1	-157.763698	56.679247
2	1	-158.039356107	56.57488354498
2	1	-157.859766	56.483668
2	1	-158.112276	56.521322
2	1	-158.501705	56.37586
2	1	-158.331039	56.213609
2	1	-158.112718	56.240286
2	1	-158.46181	56.106644
2	1	-158.413645	56.004951
2	1	-158.600405	56.130444
2	1	-158.673246	55.951485
2	1	-158.854132	56.003343
2	1	-159.374842	55.871522
2	1	-159.607973	55.8129
2	1	-159.81107	55.85657
2	1	-160.185712	55.658644
2	1	-160.421853	55.662701
2	1	-160.501346	55.478518
2	1	-160.666917	55.459776
2	1	-160.909625	55.52414
2	1	-161.280675	55.354038
2	1	-161.507657	55.362786
2	1	-161.363378	55.618478
2	1	-161.587047	55.62006
2	1	-161.878076	55.223599
2	1	-162.045694	55.232775
2	1	-162.219326	55.028975
2	1	-162.471364	55.051932
2	1	-162.626101	55.304085
2	1	-162.718077	55.219911
2	1	-162.569289	54.97124
2	1	-162.845475	54.926989
2	1	-163.036062	54.942544
2	1	-163.372806	54.790936
2	1	-163.364626	54.749464
2	1	-163.585967	54.611644
2	1	-164.23247	54.585494
2	1	-164.640457	54.391166
2	1	-164.936122	54.521253
2	1	-164.48678	54.922441
2	1	-164.343534	54.894139
2	1	-163.894695	55.039115
2	1	-163.532962485	55.0488805706
2	1	-163.334234	54.872948
2	1	-163.314651524	55.12631207661
2	1	-162.882292	55.183251
2	1	-162.888118	55.270424
2	1	-162.704747	55.320296
2	1	-162.246972	55.680013
2	1	-161.807833	55.891954
2	1	-160.873229	56.001448
2	1	-160.806014	55.738241
2	1	-160.734182	55.870995
2	1	-160.277382	55.765861
2	1	-160.583491	55.986468
2	1	-160.340249	56.291271
2	1	-159.828049	56.543935
2	1	-159.324421	56.670356
2	1	-158.957470791	56.85118395447
2	1	-158.660298	56.789015
2	1	-158.659945	57.034585
2	1	-158.376249	57.265542
2	1	-157.772496	57.547055
2	1	-157.58691	57.487156
2	1	-157.710645	57.639946
2	1	-157.596601	58.08867
2	1	-157.352316	58.219097
2	1	-157.536176	58.391597
2	1	-157.077914	58.708103
2	1	-156.966649	58.904074
2	1	-157.029517	58.956203
2	1	-157.116866	58.867533
2	1	-158.190283	58.61371
2	1	-158.619684357	58.91104786247
2	1	-158.861207	58.69558
2	1	-158.704052	58.482759
2	1	-158.896067	58.390065
2	1	-159.063346	58.423139
2	1	-159.390664	58.762362
2	1	-159.643548571	58.84506310339
2	1	-159.616120047	58.9316012326
2	1	-159.90838623	58.77990341187
2	1	-160.322921753	58.95395278931
2	1	-160.317779541	59.07047653198
2	1	-160.835357666	58.82349395752
2	1	-160.999740601	58.85665512085
2	1	-161.751998901	58.55184173584
2	1	-162.171722412	58.6484413147
2	1	-161.769500732	58.77493667603
2	1	-161.828170776	59.06270217896
2	1	-162.048583984	59.25417709351
2	1	-161.702529907	59.49090576172
2	1	-162.207225	60.021834
2	1	-162.216366217	60.17419020236
2	1	-162.426344115	60.18533079271
2	1	-162.503647	59.99923
2	1	-163.172633	59.845058
2	1	-163.930798	59.803853
2	1	-164.133393	59.845612
2	1	-164.13181	59.991177
2	1	-164.698889	60.296298
2	1	-165.129403	60.433707
2	1	-164.965488	60.536701
2	1	-165.405071	60.53465
2	1	-164.97125	60.711434
2	1	-164.903903	60.942213
2	1	-165.22348	60.89645
2	1	-164.868009	61.096394
2	1	-165.307976	61.181823
2	1	-165.578127	61.100361
2	1	-165.623317	61.278431
2	1	-165.915445	61.387686
2	1	-165.754317	61.498704
2	1	-166.165232	61.550618
2	1	-166.143756947	61.72435240543
2	1	-166.094312	61.813859
2	1	-165.600043	61.859663
2	1	-165.734117	62.076873
2	1	-165.199804	62.469637
2	1	-164.770232	62.592082
2	1	-164.87564	62.806254
2	1	-164.423449	63.211977
2	1	-164.036565	63.261204
2	1	-163.316203	63.037763
2	1	-163.130853	63.049387
2	1	-162.662614	63.229906
2	1	-162.296731	63.540108
2	1	-162.025552	63.447539
2	1	-161.136758	63.504525
2	1	-160.766291	63.835189
2	1	-160.976038	64.235761
2	1	-161.504903	64.423074
2	1	-161.388621	64.532783
2	1	-161.015095	64.502124
2	1	-160.783398	64.71716
2	1	-161.176009	64.927161
2	1	-161.413493	64.762723
2	1	-162.168516	64.68029
2	1	-162.790167	64.325182
2	1	-162.96925	64.54687
2	1	-163.150789	64.397249
2	1	-163.651943	64.567299
2	1	-164.307273	64.561488
2	1	-165.001961	64.433917
2	1	-166.189546	64.575798
2	1	-166.474714	64.719267
2	1	-166.415624	64.871928
2	1	-166.91192164	65.12596458924
2	1	-166.638411	65.113586
2	1	-166.360618	65.288631
2	1	-167.474024	65.412744
2	1	-168.128930301	65.65574422369
2	1	-167.979888865	65.72797198141
2	1	-167.539643414	65.82083625087
2	1	-166.330971314	66.18951420133
2	1	-165.588511862	66.11969537553
2	1	-165.8824961	66.31160291393
2	1	-164.400724	66.58111
2	1	-163.754171	66.551284
2	1	-163.830077	66.272
2	1	-164.092715	66.184537
2	1	-163.767510499	66.06080342624
2	1	-162.750705	66.09016
2	1	-162.372147	66.027985
2	1	-162.139516	66.078819
2	1	-161.838018	66.022582
2	1	-161.484539	66.262426
2	1	-160.990275282	66.23971471667
2	1	-161.516449	66.441839
2	1	-161.29321	66.520591
2	1	-161.881671	66.716796
2	1	-161.530525	66.984951
2	1	-161.850188	67.052186
2	1	-162.901348	67.006833
2	1	-163.69887	67.114443
2	1	-164.14438	67.617228
2	1	-165.240848	67.998714
2	1	-165.863428	68.093367
2	1	-166.474608	68.305273
2	1	-166.85064	68.333089
2	1	-166.305962	68.46154
2	1	-166.214433	68.879524
2	1	-165.327043	68.858111
2	1	-164.253157	68.930938
2	1	-163.655864	69.090567
2	1	-163.110318	69.375343
2	1	-163.012595	69.757462
2	1	-161.922949	70.291599
2	1	-161.396757	70.240606
2	1	-160.839536	70.344534
2	1	-159.648383	70.794368
2	1	-159.209082	70.870067
2	1	-159.13779	70.758609
2	1	-157.840997	70.861025
2	1	-157.421001	70.976805
2	1	-156.568649649	71.352560644
2	1	-156.018574	71.172041
2	1	-155.566925	71.165139
2	1	-155.995681	70.947796
2	1	-155.971935	70.806828
2	1	-155.504202	70.860303
2	1	-155.03174	71.146473
2	1	-154.581129	71.007321
2	1	-154.577386	70.835335
2	1	-154.181863	70.768325
2	1	-153.89048	70.885719
2	1	-153.23848	70.922467
2	1	-152.259966	70.84282
2	1	-152.433781	70.616926
2	1	-151.701467	70.55322
2	1	-151.876122	70.430761
2	1	-151.229919	70.37984
2	1	-150.762035248	70.49721886454
2	1	-150.112899	70.431372
2	1	-149.461755	70.518271
2	1	-148.610566	70.422588
2	1	-148.411253	70.302627
2	1	-148.107231	70.342801
2	2	-171.609439	63.679832
2	2	-170.950817	63.570127
2	2	-170.315839	63.691923
2	2	-170.007943	63.475428
2	2	-169.520524	63.365941
2	2	-168.685145	63.296427
2	2	-168.85875	63.146958
2	2	-169.375667	63.151269
2	2	-169.638309	62.937527
2	2	-169.88123	63.105848
2	2	-170.263032	63.179147
2	2	-170.55895	63.354989
2	2	-170.967475	63.42373
2	2	-171.433319	63.307578
2	2	-171.739321	63.366114
2	3	-166.36143667	60.36001474877
2	3	-166.163203	60.432641
2	3	-165.71451	60.310496
2	3	-165.534482	59.951276
2	3	-166.203293	59.791676
2	3	-167.124867	59.9917
2	3	-167.423053	60.195072
2	3	-166.847438	60.213592
2	4	-152.941329334	58.02605188553
2	4	-153.412933	58.069811
2	4	-153.156402	58.090087
2	4	-153.202801	58.20808
2	4	-152.878858	58.288533
2	4	-152.88886	58.409384
2	4	-152.610955	58.475775
2	4	-152.56771	58.621304
2	4	-152.329835	58.632102
2	4	-152.512483	58.427349
2	4	-151.986171	58.350413
2	4	-151.986127	58.213774
2	4	-152.280629	58.242344
2	4	-152.706831	58.050577
2	4	-152.99734	58.134341
2	5	-134.713981777	58.2207259342
2	5	-134.177467	58.15964
2	5	-133.808285	57.609604
2	5	-133.945156	57.569841
2	5	-133.870657	57.358287
2	5	-134.094891	57.326401
2	5	-134.193629	57.184879
2	5	-134.601407	57.033812
2	5	-134.646773	57.226327
2	5	-134.464032	57.392184
2	5	-134.731798	57.721921
2	5	-134.784927	58.096793
2	5	-134.969189	58.367542
2	6	-136.277477	58.208856
2	6	-135.78338	58.286709
2	6	-135.497911	58.168882
2	6	-134.967723	58.047625
2	6	-135.173712	57.919399
2	6	-134.939924	57.763612
2	6	-134.874346	57.464406
2	6	-135.091216	57.466352
2	6	-135.684951	57.677508
2	6	-135.553903	57.45487
2	6	-135.84381	57.390896
2	6	-136.365052	57.828561
2	6	-136.572045	57.918469
2	6	-136.377329	58.268328
2	7	-153.823385	57.865013
2	7	-153.515205	57.716505
2	7	-153.322687	57.83619
2	7	-153.513347	57.968751
2	7	-152.723425	57.99172
2	7	-152.892875	57.742012
2	7	-152.421408	57.975683
2	7	-152.310927	57.783452
2	7	-152.467756	57.598221
2	7	-152.152393	57.619485
2	7	-152.361592	57.427761
2	7	-152.620377	57.401601
2	7	-152.695698	57.281318
2	7	-153.008525	57.339733
2	7	-153.215107	57.213356
2	7	-152.90054	57.132076
2	7	-153.312583	56.991486
2	7	-153.350266	57.192339
2	7	-153.675981	57.06983
2	7	-153.696693	56.861519
2	7	-154.136965	56.742359
2	7	-153.850464	56.957278
2	7	-153.779087	57.158821
2	7	-154.305713	56.846871
2	7	-154.524695	56.991623
2	7	-154.574343	57.239919
2	7	-154.79384	57.288862
2	7	-154.52206	57.577786
2	7	-154.031592	57.660854
2	8	-133.905684506	56.9312098115
2	8	-133.887957	57.097744
2	8	-133.104611	57.005701
2	8	-132.541282	56.584573
2	8	-133.655468	56.442279
2	8	-133.689996321	56.83942124137
2	9	-133.593728	56.352192
2	9	-133.163212	56.317445
2	9	-133.05552	56.125258
2	9	-132.618464	55.911476
2	9	-132.462531	55.673854
2	9	-132.146062	55.470346
2	9	-132.479688	55.420918
2	9	-132.166857	55.363039
2	9	-132.207431	55.218273
2	9	-131.995908	55.259054
2	9	-132.197614	55.005158
2	9	-131.984591667	55.02797833333
2	9	-132.029747	54.701189
2	9	-132.307943	54.718714
2	9	-132.387494	54.913664
2	9	-132.609786	54.965728
2	9	-132.620123	55.199617
2	9	-132.91465	54.914009
2	9	-132.730931	54.939483
2	9	-132.619024	54.766565
2	9	-132.866355	54.700386
2	9	-133.159756	54.95876
2	9	-133.18252	55.201964
2	9	-133.471938	55.247527
2	9	-133.104304	55.426907
2	9	-133.17676	55.586722
2	9	-133.43818	55.643862
2	9	-133.416549	55.739647
2	9	-133.694546	55.780599
2	9	-133.323664	55.818632
2	9	-133.495052	56.017089
2	9	-133.83437	55.963578
2	9	-133.548802	56.14284
2	10	-166.372399127	54.00979662604
2	10	-166.119922	53.855048
2	10	-166.111317	53.776856
2	10	-166.553983	53.623448
2	10	-166.656234	53.487119
2	10	-167.04821	53.448844
2	10	-167.622173	53.250362
2	10	-167.751282396	53.35808413268
2	10	-167.199966	53.463039
2	10	-167.022385	53.715467
2	10	-167.141966	53.826932
2	10	-167.031252	53.945204
2	10	-166.644627	54.014495
2	10	-166.560546	53.878775
2	11	-168.789988582	53.1590131682
2	11	-168.343994	53.26215
2	11	-168.386886	53.431496
2	11	-168.14462	53.545342
2	11	-167.786387	53.513896
2	11	-168.03976	53.304276
2	11	-168.270744	53.242811
2	11	-168.49749	53.035403
2	11	-169.102465	52.824349
2	11	-168.785236	53.045038
3	1	-109.045223	36.999084
3	1	-109.050044	31.332502
3	1	-111.074825	31.332239
3	1	-112.246102	31.704195
3	1	-114.813613	32.494277
3	1	-114.719633	32.718763
3	1	-114.468971	32.845155
3	1	-114.511343	33.023455
3	1	-114.706488	33.08816
3	1	-114.731223	33.302434
3	1	-114.524599	33.552231
3	1	-114.535478	33.934651
3	1	-114.415908	34.107636
3	1	-114.134426539	34.26638734065
3	1	-114.386699	34.457911
3	1	-114.470477	34.711368
3	1	-114.634382	34.87289
3	1	-114.633013	35.002085
3	1	-114.569238	35.18348
3	1	-114.677643	35.489742
3	1	-114.677420382	35.87472796293
3	1	-114.755618	36.087166
3	1	-114.405475	36.147371
3	1	-114.148191	36.028013
3	1	-114.046838	36.194069
3	1	-114.0506	37.000396
4	1	-90.152481	36.497952
4	1	-90.06398	36.303038
4	1	-90.37789	35.995683
4	1	-89.733095	36.000608
4	1	-89.703875	35.820281
4	1	-89.958687	35.727706
4	1	-89.909022	35.520548
4	1	-90.170599	35.418352
4	1	-90.065392	35.137691
4	1	-90.309297	34.995694
4	1	-90.307384	34.846195
4	1	-90.547612	34.784589
4	1	-90.462552	34.687576
4	1	-90.588419	34.670963
4	1	-90.571145	34.420319
4	1	-90.765764	34.362109
4	1	-90.847808	34.20653
4	1	-90.810884	34.155903
4	1	-90.9543	34.138498
4	1	-90.967632	33.963324
4	1	-91.087921	33.975335
4	1	-90.988466	33.78453
4	1	-91.146618	33.732456
4	1	-91.227857	33.683073
4	1	-91.130445	33.606034
4	1	-91.235181	33.438972
4	1	-91.057621	33.445341
4	1	-91.089862	33.139655
4	1	-91.20178	33.125121
4	1	-91.166073	33.004106
4	1	-94.042964	33.019219
4	1	-94.04345	33.552253
4	1	-94.381667	33.544035
4	1	-94.485875	33.637867
4	1	-94.431215	35.39429
4	1	-94.617919	36.499414
5	1	-122.378193	42.009518
5	1	-119.999168	41.99454
5	1	-120.001014	38.999574
5	1	-118.714312	38.102185
5	1	-117.500117	37.22038
5	1	-115.852908	35.96966
5	1	-114.633013	35.002085
5	1	-114.634382	34.87289
5	1	-114.470477	34.711368
5	1	-114.386699	34.457911
5	1	-114.134426539	34.26638734065
5	1	-114.415908	34.107636
5	1	-114.535478	33.934651
5	1	-114.524599	33.552231
5	1	-114.731223	33.302434
5	1	-114.706488	33.08816
5	1	-114.511343	33.023455
5	1	-114.468971	32.845155
5	1	-114.719633	32.718763
5	1	-117.124862	32.534156
5	1	-117.246069	32.669352
5	1	-117.315278	33.093504
5	1	-117.469794	33.296417
5	1	-118.132698	33.753217
5	1	-118.411211	33.741985
5	1	-118.519514	34.027509
5	1	-118.805114	34.001239
5	1	-119.130169	34.100102
5	1	-119.278644	34.266902
5	1	-119.559459	34.413395
5	1	-120.141165	34.473405
5	1	-120.471376	34.447846
5	1	-120.637805	34.56622
5	1	-120.644311	35.139616
5	1	-120.856047	35.206487
5	1	-120.884757	35.430196
5	1	-121.284973	35.674109
5	1	-121.503112	36.000299
5	1	-121.888491	36.30281
5	1	-121.978592	36.580488
5	1	-121.814462	36.682858
5	1	-121.862266	36.931552
5	1	-122.105976	36.955951
5	1	-122.405073	37.195791
5	1	-122.516689	37.52134
5	1	-122.514483	37.780829
5	1	-122.398138604	37.8056303489
5	1	-122.378545006	37.60559150257
5	1	-122.111343654	37.50757950247
5	1	-122.330790213	37.78383040736
5	1	-122.309985649	37.89275534102
5	1	-122.430087188	37.96311454885
5	1	-122.27300616	38.07438029955
5	1	-122.489974316	38.11201429433
5	1	-122.505383	37.822128
5	1	-122.882114	38.025273
5	1	-123.024066	37.994878
5	1	-122.977082	38.267902
5	1	-123.128825	38.450418
5	1	-123.331899	38.565542
5	1	-123.725367	38.917438
5	1	-123.690095	39.031157
5	1	-123.822085	39.343857
5	1	-123.766475	39.552803
5	1	-123.851714	39.832041
5	1	-124.110549	40.103765
5	1	-124.363414	40.260974
5	1	-124.409591	40.438076
5	1	-124.112165	41.028173
5	1	-124.165414	41.129822
5	1	-124.066057	41.470258
5	1	-124.255994	41.783014
5	1	-124.211605	41.99846
5	2	-119.912857	34.077508
5	2	-119.637742	34.013178
5	2	-119.5667	34.053452
5	2	-119.54828	34.009819
5	2	-119.842748	33.97034
5	3	-120.046575	34.000002
5	3	-119.97026	33.944359
5	3	-120.049682	33.914563
5	3	-120.198602	33.952211
5	3	-120.238657	34.007592
5	4	-118.331690547	33.35582713009
5	4	-118.316787	33.301137
5	4	-118.456309	33.32182
5	4	-118.48875	33.419826
5	4	-118.593969	33.467198
5	4	-118.370323	33.409285
5	5	-118.581313717	33.03460985801
5	5	-118.496811	32.933847
5	5	-118.353504	32.821962
5	5	-118.42943	32.805429
5	5	-118.535823	32.90628
6	1	-104.053249	41.001406
6	1	-102.051614	41.002377
6	1	-102.051744	40.003078
6	1	-102.04224	36.993083
6	1	-103.002199	37.000104
6	1	-105.029228	36.992729
6	1	-109.045223	36.999084
6	1	-109.060062	38.275489
6	1	-109.050076	41.000659
7	1	-72.816741	41.997595
7	1	-72.755838	42.036195
7	1	-71.799242	42.008065
7	1	-71.797683	41.416709
7	1	-71.8595697162	41.32239914493
7	1	-72.547235	41.250499
7	1	-72.9168267141	41.28203331719
7	1	-73.111052	41.150797
7	1	-73.657336	40.985171
7	1	-73.727775	41.100696
7	1	-73.482709	41.21276
7	1	-73.550961	41.295422
7	1	-73.487314	42.049638
8	1	-75.559446	39.629812
8	1	-75.589901	39.462022
8	1	-75.402964	39.254626
8	1	-75.304078	38.91316
8	1	-75.089473	38.797198
8	1	-75.048939	38.451263
8	1	-75.693521	38.460128
8	1	-75.788359	39.721811
8	1	-75.617251	39.833999
9	1	-76.909395	38.892812
9	1	-77.038598	38.791513
9	1	-77.1199	38.934311
9	1	-77.0252	38.963
10	1	-85.002368	31.000682
10	1	-84.864693	30.711542
10	1	-82.214839	30.568591
10	1	-82.165192	30.358035
10	1	-82.036825	30.377884
10	1	-82.043795	30.729641
10	1	-81.949787	30.827493
10	1	-81.444124	30.709714
10	1	-81.447087	30.503679
10	1	-81.410809	30.482039
10	1	-81.240924	29.739218
10	1	-80.966176	29.14796
10	1	-80.574868	28.585166
10	1	-80.525094	28.459454
10	1	-80.606874	28.336484
10	1	-80.566432	28.09563
10	1	-80.383695	27.740045
10	1	-80.031362	26.796339
10	1	-80.1549720876	25.66549041186
10	1	-80.2403760785	25.72420565057
10	1	-80.3859780293	25.28828941042
10	1	-80.7037179385	25.13911523889
10	1	-81.094524	25.127054
10	1	-81.117265	25.354953
10	1	-81.3527305415	25.82201516619
10	1	-81.68954	25.85271
10	1	-81.868983	26.4569
10	1	-82.1056718347	26.48392966831
10	1	-82.1815652416	26.68171246268
10	1	-82.0930229261	26.66561386252
10	1	-82.0631255443	26.95021412867
10	1	-82.259867	26.717398
10	1	-82.539719	27.254326
10	1	-82.745748	27.538834
10	1	-82.65072	27.523115
10	1	-82.402615	27.882602
10	1	-82.489849	27.822607
10	1	-82.553918	27.966998
10	1	-82.720522	27.955798
10	1	-82.566819	27.858002
10	1	-82.733076	27.612972
10	1	-82.849126	27.8632
10	1	-82.805097	28.172181
10	1	-82.665055	28.484434
10	1	-82.6448612559	28.88925245203
10	1	-82.804736	29.146624
10	1	-83.053207	29.130839
10	1	-83.077265	29.255331
10	1	-83.4002521957	29.51724194882
10	1	-83.4127682335	29.66848531537
10	1	-83.679219	29.918513
10	1	-84.0007155039	30.09620946143
10	1	-84.2564387242	30.10379122942
10	1	-84.349066	29.896812
10	1	-84.511996	29.916574
10	1	-84.888031	29.722406
10	1	-84.90413	29.786279
10	1	-85.344768	29.654793
10	1	-85.405052	29.938487
10	1	-85.9226	30.238024
10	1	-86.222561	30.343585
10	1	-86.750906	30.391881
10	1	-87.518324	30.280435
10	1	-87.366939	30.44048
10	1	-87.406958	30.675165
10	1	-87.634938	30.865886
10	1	-87.598928	30.997457
10	3	-80.2505185868	25.34201024827
10	3	-80.377084	25.130487
10	3	-80.5346783826	25.01591382913
10	3	-80.494715	25.102269
10	3	-80.3497999717	25.21059549175
10	3	-80.3681855355	25.2823585715
10	3	-80.2925674082	25.31438506808
10	3	-80.1792884904	25.51899880991
10	4	-80.9200470677	24.77882221737
10	4	-80.912042	24.76505
10	4	-81.078439	24.692382
10	4	-81.118497199	24.69919670794
10	5	-81.3961166275	24.74522001464
10	5	-81.303113	24.651665
10	5	-81.49858	24.66498
10	5	-81.602998	24.586444
10	5	-81.810333	24.544701
10	5	-81.794057	24.586
10	5	-81.6870166109	24.59253358776
10	5	-81.5629165674	24.69291234641
11	1	-83.108535	35.000771
11	1	-83.3386899941	34.68200151155
11	1	-83.034712	34.483495
11	1	-82.876864	34.475303
11	1	-82.556835	33.945353
11	1	-82.32448	33.820033
11	1	-82.186154	33.62088
11	1	-81.926336	33.462937
11	1	-81.939737	33.344941
11	1	-81.743835	33.14145
11	1	-81.492253	33.009342
11	1	-81.41866	32.629392
11	1	-81.186829	32.464086
11	1	-81.117234	32.117605
11	1	-80.885517	32.0346
11	1	-80.862814	31.969346
11	1	-81.203572	31.719448
11	1	-81.133493	31.623348
11	1	-81.260076	31.54828
11	1	-81.177254	31.517074
11	1	-81.2884027924	31.21106510427
11	1	-81.493651	30.977528
11	1	-81.444124	30.709714
11	1	-81.949787	30.827493
11	1	-82.043795	30.729641
11	1	-82.036825	30.377884
11	1	-82.165192	30.358035
11	1	-82.214839	30.568591
11	1	-84.864693	30.711542
11	1	-85.002368	31.000682
11	1	-85.107516	31.186451
11	1	-85.041305	31.540987
11	1	-85.140731	31.857461
11	1	-85.061144	32.134065
11	1	-84.8908943031	32.26150384392
11	1	-85.007103	32.328362
11	1	-84.96303	32.424244
11	1	-85.1844	32.861317
11	1	-85.605165	34.984678
11	1	-84.321869	34.988408
12	1	-159.467007	22.226529
12	1	-159.353795	22.217669
12	1	-159.295271	22.13039
12	1	-159.334714	21.961099
12	1	-159.471962	21.88292
12	1	-159.610241	21.898356
12	1	-159.790932	22.031177
12	1	-159.726043	22.152171
12	2	-157.952682503	21.69550837157
12	2	-157.836945	21.529945
12	2	-157.84099	21.459483
12	2	-157.731776965	21.4559444802
12	2	-157.7122	21.2814
12	2	-158.1033	21.2979
12	2	-158.233	21.4876
12	2	-158.277679	21.578789
12	3	-156.982343	21.207798
12	3	-156.903466	21.16421
12	3	-156.742231	21.176214
12	3	-156.748932	21.1086
12	3	-156.877137	21.0493
12	3	-157.095220203	21.10635488306
12	3	-157.313343	21.105755
12	3	-157.26069	21.225684
12	4	-156.586833116	21.02704378603
12	4	-156.474796	20.894546
12	4	-156.286332	20.947701
12	4	-156.003532	20.795545
12	4	-156.053385	20.65432
12	4	-156.225338	20.62294
12	4	-156.438385	20.601337
12	4	-156.464043	20.781667
12	4	-156.688969	20.888673
12	5	-157.010001	20.929757
12	5	-156.897169	20.915395
12	5	-156.809576	20.826036
12	5	-156.909081	20.739533
12	5	-156.96789	20.73508
12	5	-157.059663	20.884634
12	6	-155.634922782	18.94609120996
12	6	-155.908355	19.081138
12	6	-155.888701	19.348031
12	6	-156.064364	19.730766
12	6	-155.831948	19.982775
12	6	-155.873921	20.267744
12	6	-155.4024	20.075541
12	6	-155.144394	19.920523
12	6	-155.087118	19.728013
12	6	-154.809379	19.519086
12	6	-154.980861	19.349291
12	6	-155.296761	19.266289
12	6	-155.51474	19.132501
13	1	-116.049193	49.000912
13	1	-116.04885	47.977186
13	1	-115.72377	47.696671
13	1	-115.728801343	47.42892512114
13	1	-115.326903418	47.2559118211
13	1	-114.929997254	46.91962450436
13	1	-114.920459	46.827697
13	1	-114.765106	46.758153
13	1	-114.76689	46.696901
13	1	-114.320665	46.646963
13	1	-114.445928	46.173933
13	1	-114.527096	46.146218
13	1	-114.388243	45.88234
13	1	-114.566172	45.773864
13	1	-114.559038	45.565706
13	1	-114.333218	45.459316
13	1	-113.986656	45.704564
13	1	-113.806729	45.602146
13	1	-113.738729	45.329741
13	1	-113.45197	45.059247
13	1	-113.455071	44.865424
13	1	-113.131453	44.772837
13	1	-113.003544	44.450814
13	1	-112.855395	44.359975
13	1	-112.781294	44.484888
13	1	-112.387389	44.448058
13	1	-112.286187	44.568472
13	1	-111.821488	44.509286
13	1	-111.471682	44.540824
13	1	-111.385005	44.755128
13	1	-111.048974	44.474072
13	1	-111.046689	42.001567
13	1	-114.041723	41.99372
13	1	-117.026222	42.000252
13	1	-117.026870719	43.83247867578
13	1	-116.894083	44.160191
13	1	-117.198147	44.273828
13	1	-117.242675	44.396548
13	1	-117.062273	44.727143
13	1	-116.852427	44.887577
13	1	-116.847944	45.022602
13	1	-116.463635	45.602785
13	1	-116.546643	45.750972
13	1	-116.782676	45.825376
13	1	-116.915989	45.995413
13	1	-117.062748	46.353624
13	1	-117.034696	46.418318
13	1	-117.032351	48.999188
14	1	-90.640927	42.508302
14	1	-87.800477	42.49192
14	1	-87.828569	42.269922
14	1	-87.524044	41.708335
14	1	-87.531646	39.347888
14	1	-87.6459895624	39.14490037132
14	1	-87.496494	38.742728
14	1	-87.8382430775	38.29374966999
14	1	-87.9795480276	38.22825595391
14	1	-87.9216802883	38.14840744729
14	1	-88.02803	37.799224
14	1	-88.160187	37.657592
14	1	-88.064234	37.484548
14	1	-88.476592	37.386875
14	1	-88.458948	37.073796
14	1	-88.98326	37.228685
14	1	-89.132685	36.9822
14	1	-89.378277	37.039605
14	1	-89.517032	37.28192
14	1	-89.421054	37.387668
14	1	-89.516685	37.692762
14	1	-89.842649	37.905196
14	1	-89.950594	37.881526
14	1	-89.925085	37.960021
14	1	-90.353902	38.213855
14	1	-90.368219	38.340254
14	1	-90.109407	38.843548
14	1	-90.440078	38.967364
14	1	-90.625122	38.888654
14	1	-90.72996	39.255894
14	1	-91.367753	39.729029
14	1	-91.510322	40.127994
14	1	-91.419422	40.378264
14	1	-91.401482	40.559458
14	1	-91.123928	40.669152
14	1	-90.952233	40.954047
14	1	-91.113648	41.241401
14	1	-91.04589	41.414085
14	1	-90.461432	41.523533
14	1	-90.180954	41.809354
14	1	-90.162895	42.116718
14	1	-90.391108	42.225473
15	1	-84.805883	41.760216
15	1	-84.806082	41.696089
15	1	-84.820157	39.10548
15	1	-84.812877	38.786087
15	1	-85.172528	38.688082
15	1	-85.434065	38.729455
15	1	-85.423077	38.531581
15	1	-85.683561	38.295469
15	1	-85.829364	38.276769
15	1	-86.038188	37.95935
15	1	-86.3048962117	38.1668641528
15	1	-86.463248	38.119278
15	1	-86.638265	37.842718
15	1	-86.815267	37.998877
15	1	-87.111133	37.782512
15	1	-87.589816	37.976042
15	1	-87.615399	37.831974
15	1	-87.898062	37.927514
15	1	-88.02803	37.799224
15	1	-87.9216802883	38.14840744729
15	1	-87.9795480276	38.22825595391
15	1	-87.8382430775	38.29374966999
15	1	-87.496494	38.742728
15	1	-87.6459895624	39.14490037132
15	1	-87.531646	39.347888
15	1	-87.524044	41.708335
15	1	-87.261536	41.620336
15	1	-86.824828	41.76024
16	1	-91.217706	43.50055
16	1	-91.057918	43.255366
16	1	-91.179457	43.067427
16	1	-91.06468	42.750914
16	1	-90.709204	42.636078
16	1	-90.640927	42.508302
16	1	-90.391108	42.225473
16	1	-90.162895	42.116718
16	1	-90.180954	41.809354
16	1	-90.461432	41.523533
16	1	-91.04589	41.414085
16	1	-91.113648	41.241401
16	1	-90.952233	40.954047
16	1	-91.123928	40.669152
16	1	-91.401482	40.559458
16	1	-91.419422	40.378264
16	1	-91.729115	40.61364
16	1	-94.294813	40.571341
16	1	-95.765645	40.585208
16	1	-95.888907	40.731855
16	1	-95.809474	40.891228
16	1	-95.927491	41.202198
16	1	-95.874689	41.307097
16	1	-95.956691	41.345496
16	1	-95.920281	41.451566
16	1	-96.09409	41.539265
16	1	-96.064879	41.79623
16	1	-96.347752	42.166806
16	1	-96.443408	42.489495
16	1	-96.639704	42.737071
16	1	-96.436589	43.120842
16	1	-96.58522	43.268878
16	1	-96.598928	43.500457
16	1	-96.453049	43.500415
17	1	-95.30829	39.999998
17	1	-95.128166	39.874165
17	1	-94.929574	39.888754
17	1	-94.862943	39.742994
17	1	-95.109304	39.542285
17	1	-94.885026	39.389801
17	1	-94.823791	39.209874
17	1	-94.591933	39.155003
17	1	-94.607354	39.113444
17	1	-94.61808	36.998135
17	1	-100.115722	37.002206
17	1	-102.04224	36.993083
17	1	-102.051744	40.003078
18	1	-83.873168	38.762418
18	1	-83.679484	38.630036
18	1	-83.520953	38.703045
18	1	-83.294193	38.596588
18	1	-82.889193	38.756076
18	1	-82.844306	38.590862
18	1	-82.593673	38.421809
18	1	-82.644739	38.165487
18	1	-82.501862	37.9332
18	1	-82.303953	37.67576
18	1	-81.968297	37.537798
18	1	-82.350948	37.267077
18	1	-82.722097	37.120168
18	1	-82.878569	36.889585
18	1	-83.136395	36.743088
18	1	-83.675413	36.600814
18	1	-84.543138	36.596277
18	1	-86.507771	36.652445
18	1	-87.853204	36.633247
18	1	-88.070532	36.678118
18	1	-88.053205	36.497129
18	1	-89.417293	36.499033
18	1	-89.15908	36.666352
18	1	-89.132685	36.9822
18	1	-88.98326	37.228685
18	1	-88.458948	37.073796
18	1	-88.476592	37.386875
18	1	-88.064234	37.484548
18	1	-88.160187	37.657592
18	1	-88.02803	37.799224
18	1	-87.898062	37.927514
18	1	-87.615399	37.831974
18	1	-87.589816	37.976042
18	1	-87.111133	37.782512
18	1	-86.815267	37.998877
18	1	-86.638265	37.842718
18	1	-86.463248	38.119278
18	1	-86.3048962117	38.1668641528
18	1	-86.038188	37.95935
18	1	-85.829364	38.276769
18	1	-85.683561	38.295469
18	1	-85.423077	38.531581
18	1	-85.434065	38.729455
18	1	-85.172528	38.688082
18	1	-84.812877	38.786087
18	1	-84.820157	39.10548
18	1	-84.455342	39.12036
18	1	-84.212904	38.805707
19	1	-91.166073	33.004106
19	1	-91.063684	32.906364
19	1	-91.165328	32.751301
19	1	-91.054481	32.722259
19	1	-91.151318	32.615919
19	1	-91.116008	32.48314
19	1	-90.90124	32.323386
19	1	-91.075908	32.016828
19	1	-91.255611	31.812662
19	1	-91.343014	31.846861
19	1	-91.405415	31.576466
19	1	-91.515614	31.27821
19	1	-91.654027	31.255753
19	1	-91.636942	30.999416
19	1	-89.729616	31.003927
19	1	-89.851889	30.661199
19	1	-89.68341	30.451793
19	1	-89.615856	30.223195
19	1	-89.524504	30.180753
19	1	-89.818561	30.043328
19	1	-89.8385	29.945816
19	1	-89.6131591797	29.87215995789
19	1	-89.4819259644	30.07912826538
19	1	-89.368019104	29.91149139404
19	1	-89.2437057495	29.99723625183
19	1	-89.2362976074	29.87708091736
19	1	-89.4242095947	29.69763755798
19	1	-89.6497497559	29.67294120789
19	1	-89.700500819	29.51596670576
19	1	-89.508551	29.386168
19	1	-89.189354	29.345061
19	1	-89.000674	29.180091
19	1	-89.062335	29.070234
19	1	-89.254726	29.083261
19	1	-89.354798	29.072543
19	1	-89.482844	29.215053
19	1	-89.850305	29.311768
19	1	-89.8496418138	29.47799618361
19	1	-90.012509842	29.46277485768
19	1	-90.0960384469	29.24067325563
19	1	-89.950756	29.260801
19	1	-90.174273	29.105301
19	1	-90.348768	29.057817
19	1	-90.271251	29.204639
19	1	-90.510555	29.290925
19	1	-90.839345	29.039167
19	1	-90.961278	29.180817
19	1	-91.278792	29.247776
19	1	-91.221166	29.436421
19	1	-91.5310207477	29.5315428078
19	1	-91.632829	29.742576
19	1	-91.88075	29.710839
19	1	-91.889118	29.836023
19	1	-92.149349	29.697052
19	1	-92.111787	29.62177
19	1	-91.7120018225	29.56474029955
19	1	-91.821576	29.473925
19	1	-92.046316	29.584362
19	1	-92.309357	29.533026
19	1	-92.61627	29.578729
19	1	-93.226934	29.777519
19	1	-93.837971	29.690619
19	1	-93.927992	29.80964
19	1	-93.699396	30.05925
19	1	-93.740253	30.539569
19	1	-93.561666	30.807739
19	1	-93.5164072638	31.02955043336
19	1	-93.533307	31.184463
19	1	-93.600308	31.176158
19	1	-93.7267362856	31.51159993137
19	1	-93.834924	31.586211
19	1	-93.822598	31.773559
19	1	-94.041833	31.992402
19	1	-94.042964	33.019219
20	1	-70.259117	45.890755
20	1	-70.292736	46.191599
20	1	-70.056433	46.415561
20	1	-69.997086	46.69523
20	1	-69.22442	47.459686
20	1	-69.042702	47.426651
20	1	-68.900985	47.178519
20	1	-68.234604	47.355035
20	1	-67.789761	47.065744
20	1	-67.781095	45.943032
20	1	-67.750422	45.917898
20	1	-67.817892	45.693705
20	1	-67.429716	45.583773
20	1	-67.489333	45.281282
20	1	-67.345585	45.126392
20	1	-67.157919	45.161004
20	1	-66.949895	44.817419
20	1	-67.293403	44.599265
20	1	-67.3085383199	44.70745423951
20	1	-67.568159	44.531117
20	1	-67.8398957983	44.55877068345
20	1	-68.049334	44.33073
20	1	-68.2617080206	44.4840616818
20	1	-68.173608	44.328397
20	1	-68.317588	44.225101
20	1	-68.3791004047	44.43004911928
20	1	-68.5651609497	44.3990697024
20	1	-68.5253019842	44.22755369722
20	1	-68.827197	44.31216
20	1	-68.783679	44.473879
20	1	-68.982449	44.426195
20	1	-69.048917	44.062506
20	1	-69.2598383961	43.92142661772
20	1	-69.416165	43.977267
20	1	-69.50329	43.837673
20	1	-69.838689	43.70514
20	1	-70.0098694285	43.85931548532
20	1	-70.1900144182	43.77186648747
20	1	-70.196911	43.565146
20	1	-70.361214	43.52919
20	1	-70.349684	43.442032
20	1	-70.553854	43.321886
20	1	-70.7038187049	43.0598247592
20	1	-70.987649	43.389521
20	1	-70.950838	43.551026
20	1	-70.972716	43.570255
20	1	-71.084334	45.305293
20	1	-70.857042	45.22916
20	1	-70.798028	45.426706
20	1	-70.634661	45.383608
20	1	-70.722845	45.512772
21	1	-79.476662	39.721078
21	1	-75.788359	39.721811
21	1	-75.693521	38.460128
21	1	-75.048939	38.451263
21	1	-75.242266	38.027209
21	1	-75.669711	37.950796
21	1	-75.892686	37.916848
21	1	-75.827674	38.133438
21	1	-75.959616	38.137141
21	1	-75.851396	38.226432
21	1	-76.002282	38.374477
21	1	-76.151035	38.234215
21	1	-76.33636	38.492235
21	1	-76.147158	38.63684
21	1	-76.340341	38.671245
21	1	-76.19109	38.82966
21	1	-76.361727	38.939175
21	1	-76.163988	38.999541
21	1	-76.274637	39.16549
21	1	-76.002408	39.367501
21	1	-75.970337	39.557637
21	1	-76.281578	39.302108
21	1	-76.341443	39.354217
21	1	-76.425281	39.205708
21	1	-76.535885	39.211008
21	1	-76.39408	39.011311
21	1	-76.557535	38.744687
21	1	-76.386229	38.382013
21	1	-76.322093	38.036503
21	1	-76.590637	38.214212
21	1	-76.920932	38.291568
21	1	-77.016371	38.445572
21	1	-77.250172	38.382781
21	1	-77.1302	38.635017
21	1	-77.038598	38.791513
21	1	-76.909395	38.892812
21	1	-77.0252	38.963
21	1	-77.1199	38.934311
21	1	-77.519929	39.120925
21	1	-77.566596	39.306121
21	1	-77.719029	39.321125
21	1	-77.833568	39.602936
21	1	-78.176625	39.695967
21	1	-78.471166	39.516103
21	1	-78.775241	39.645687
21	1	-78.956751	39.440264
21	1	-79.0965165645	39.47279896507
21	1	-79.486873	39.205961
22	1	-70.817296	42.87229
22	1	-70.7786711102	42.69362220106
22	1	-70.591469	42.639821
22	1	-70.8713815916	42.54640378662
22	1	-71.0049004782	42.28272020641
22	1	-70.722269	42.207959
22	1	-70.710034	41.999544
22	1	-70.412476	41.744397
22	1	-70.008462	41.800786
22	1	-70.095595	42.032832
22	1	-70.245385	42.063733
22	1	-70.082624	42.054657
22	1	-69.928261	41.6917
22	1	-69.998071	41.54365
22	1	-70.007011	41.671579
22	1	-70.351634	41.634687
22	1	-70.948431	41.409193
22	1	-70.658659	41.543385
22	1	-70.7187385969	41.73573982368
22	1	-70.931545	41.540169
22	1	-71.12057	41.497448
22	1	-71.1956401751	41.67509050195
22	1	-71.2247976751	41.7104976627
22	1	-71.381401	42.018798
22	1	-71.799242	42.008065
22	1	-72.755838	42.036195
22	1	-72.816741	41.997595
22	1	-73.487314	42.049638
22	1	-73.264957	42.74594
22	1	-72.458519	42.726853
22	1	-71.294205	42.69699
22	1	-71.031201	42.859089
22	2	-70.6540487418	41.45858818188
22	2	-70.498959	41.384339
22	2	-70.450431	41.420703
22	2	-70.5117995701	41.34738211845
22	2	-70.775665	41.300982
22	2	-70.819415	41.327212
22	3	-70.1228549982	41.29404418823
22	3	-70.046088	41.321651
22	3	-70.0335141803	41.38581646508
22	3	-69.960181	41.264546
22	3	-70.0374502773	41.24075590927
23	1	-88.806312995	47.97402555781
23	1	-88.911665	47.891344
23	1	-89.124134	47.828616
23	1	-89.234533	47.851718
23	1	-89.179154	47.93503
23	1	-88.893701	48.03477
23	1	-88.614026	48.154797
23	1	-88.422601	48.190975
23	2	-90.418136	46.566094
23	2	-90.028392	46.67439
23	2	-89.790663	46.818469
23	2	-89.415154	46.843983
23	2	-88.972802	47.002096
23	2	-88.418673	47.371188
23	2	-87.978934	47.47942
23	2	-87.712421	47.4014
23	2	-87.957058	47.38726
23	2	-88.228987	47.199042
23	2	-88.443901	46.972251
23	2	-88.462349	46.786711
23	2	-88.155374	46.965069
23	2	-87.816794	46.891154
23	2	-87.595307	46.78295
23	2	-87.351071	46.500749
23	2	-87.017136	46.53355
23	2	-86.698139	46.438624
23	2	-86.695645	46.555026
23	2	-86.586168	46.463324
23	2	-86.161681	46.669475
23	2	-85.50951	46.675786
23	2	-84.964652	46.772845
23	2	-85.015211	46.479712
23	2	-84.551496	46.418522
23	2	-84.128925	46.530119
23	2	-84.097766	46.256512
23	2	-84.251424	46.175888
23	2	-83.873147	45.993426
23	2	-83.581315	46.089613
23	2	-83.526347	45.918636
23	2	-84.111174	45.978675
23	2	-84.376429	45.931962
23	2	-84.656567	46.052654
23	2	-84.746985	45.835597
23	2	-85.01399	46.010774
23	2	-85.5001	46.09694
23	2	-85.697203	45.960158
23	2	-86.278007	45.942057
23	2	-86.616893	45.606796
23	2	-86.718191	45.67732
23	2	-86.541464	45.890234
23	2	-86.78208	45.860195
23	2	-86.964275	45.672761
23	2	-87.031435	45.837238
23	2	-87.059533	45.708497
23	2	-87.196852	45.636275
23	2	-87.590208	45.095264
23	2	-87.736509	45.173389
23	2	-87.657349	45.368752
23	2	-87.888052	45.354697
23	2	-87.782226	45.683053
23	2	-88.129461	45.809288
23	2	-88.102908	45.921869
23	2	-88.6629021413	45.98873046886
23	2	-89.09163	46.138505
23	2	-90.120489	46.336852
23	4	-86.066745	44.905685
23	4	-85.807403	44.949814
23	4	-85.551072	45.210742
23	4	-85.652355	44.849092
23	4	-85.475204	44.991053
23	4	-85.527216	44.748235
23	4	-85.3958	44.931018
23	4	-85.371593	45.270834
23	4	-84.91585	45.393115
23	4	-85.118637	45.575175
23	4	-85.0145090583	45.76032862458
23	4	-84.772765	45.789301
23	4	-84.46168	45.652404
23	4	-84.215268	45.634767
23	4	-84.095905	45.497298
23	4	-83.488826	45.355872
23	4	-83.265896	45.026844
23	4	-83.454168	45.03188
23	4	-83.273393	44.713901
23	4	-83.332533	44.340464
23	4	-83.53771	44.248171
23	4	-83.58409	44.056748
23	4	-83.877694	43.959235
23	4	-83.909479	43.672622
23	4	-83.666052	43.591292
23	4	-83.26153	43.973525
23	4	-82.967439	44.066138
23	4	-82.746255	43.996037
23	4	-82.633641	43.831224
23	4	-82.523086	43.225361
23	4	-82.412965	42.977041
23	4	-82.518782	42.613888
23	4	-82.686417	42.518597
23	4	-82.813518	42.640833
23	4	-82.894013	42.389437
23	4	-83.096521	42.290138
23	4	-83.133511	42.088143
23	4	-83.453832	41.732647
23	4	-84.806082	41.696089
23	4	-84.805883	41.760216
23	4	-86.824828	41.76024
23	4	-86.619442	41.893827
23	4	-86.356218	42.254166
23	4	-86.225613	42.594765
23	4	-86.232707	43.015762
23	4	-86.540916	43.633158
23	4	-86.431043	43.815975
23	4	-86.514702	44.058119
23	4	-86.26871	44.345324
23	4	-86.254996	44.691935
24	1	-95.153314	49.384358
24	1	-94.957465	49.370186
24	1	-94.816222	49.320987
24	1	-94.645083	48.744143
24	1	-93.840754	48.628548
24	1	-93.794454	48.516021
24	1	-93.254854	48.642784
24	1	-92.954876	48.631493
24	1	-92.634931	48.542873
24	1	-92.712562	48.463013
24	1	-92.456325	48.414204
24	1	-92.369174	48.220268
24	1	-92.055228	48.359213
24	1	-91.9577975415	48.23298873449
24	1	-91.559272	48.108268
24	1	-91.567254	48.043719
24	1	-91.26638	48.078713
24	1	-90.88548	48.245784
24	1	-90.751608	48.090968
24	1	-90.143762	48.112641
24	1	-89.897414	47.987599
24	1	-89.489226	48.014528
24	1	-89.974296	47.830514
24	1	-90.537105	47.703055
24	1	-90.86827	47.5569
24	1	-91.477351	47.125667
24	1	-92.086089	46.794339
24	1	-92.01529	46.706469
24	1	-92.291292	46.668142
24	1	-92.2940330005	46.07437706632
24	1	-92.707702	45.894901
24	1	-92.869193	45.717568
24	1	-92.883749	45.575483
24	1	-92.646602	45.441635
24	1	-92.761868	45.287013
24	1	-92.807988	44.75147
24	1	-92.54806	44.567792
24	1	-92.336114	44.554004
24	1	-91.970266	44.365842
24	1	-91.875158	44.200575
24	1	-91.432522	43.996827
24	1	-91.244135	43.774667
24	1	-91.217706	43.50055
24	1	-96.453049	43.500415
24	1	-96.453067	45.298115
24	1	-96.857751	45.605962
24	1	-96.56328	45.935238
24	1	-96.599761	46.330386
24	1	-96.798823	46.658071
24	1	-96.7595278249	46.92576852302
24	1	-96.834603461	47.00772129705
24	1	-96.855421	47.60875
24	1	-97.1421327488	48.14498108639
24	1	-97.0973372031	48.68518586573
24	1	-97.229039	49.000687
24	1	-95.153711	48.998903
25	1	-88.200064	34.995634
25	1	-88.097888	34.892202
25	1	-88.473227	31.893856
25	1	-88.395023	30.369425
25	1	-88.480117	30.318345
25	1	-88.841328	30.409598
25	1	-89.285744	30.303097
25	1	-89.335942	30.374016
25	1	-89.524504	30.180753
25	1	-89.615856	30.223195
25	1	-89.68341	30.451793
25	1	-89.851889	30.661199
25	1	-89.729616	31.003927
25	1	-91.636942	30.999416
25	1	-91.654027	31.255753
25	1	-91.515614	31.27821
25	1	-91.405415	31.576466
25	1	-91.343014	31.846861
25	1	-91.255611	31.812662
25	1	-91.075908	32.016828
25	1	-90.90124	32.323386
25	1	-91.116008	32.48314
25	1	-91.151318	32.615919
25	1	-91.054481	32.722259
25	1	-91.165328	32.751301
25	1	-91.063684	32.906364
25	1	-91.166073	33.004106
25	1	-91.20178	33.125121
25	1	-91.089862	33.139655
25	1	-91.057621	33.445341
25	1	-91.235181	33.438972
25	1	-91.130445	33.606034
25	1	-91.227857	33.683073
25	1	-91.146618	33.732456
25	1	-90.988466	33.78453
25	1	-91.087921	33.975335
25	1	-90.967632	33.963324
25	1	-90.9543	34.138498
25	1	-90.810884	34.155903
25	1	-90.847808	34.20653
25	1	-90.765764	34.362109
25	1	-90.571145	34.420319
25	1	-90.588419	34.670963
25	1	-90.462552	34.687576
25	1	-90.547612	34.784589
25	1	-90.307384	34.846195
25	1	-90.309297	34.995694
26	1	-91.729115	40.61364
26	1	-91.419422	40.378264
26	1	-91.510322	40.127994
26	1	-91.367753	39.729029
26	1	-90.72996	39.255894
26	1	-90.625122	38.888654
26	1	-90.440078	38.967364
26	1	-90.109407	38.843548
26	1	-90.368219	38.340254
26	1	-90.353902	38.213855
26	1	-89.925085	37.960021
26	1	-89.950594	37.881526
26	1	-89.842649	37.905196
26	1	-89.516685	37.692762
26	1	-89.421054	37.387668
26	1	-89.517032	37.28192
26	1	-89.378277	37.039605
26	1	-89.132685	36.9822
26	1	-89.15908	36.666352
26	1	-89.417293	36.499033
26	1	-89.5391	36.498201
26	1	-89.534745	36.252576
26	1	-89.698568	36.250591
26	1	-89.592102	36.135637
26	1	-89.733095	36.000608
26	1	-90.37789	35.995683
26	1	-90.06398	36.303038
26	1	-90.152481	36.497952
26	1	-94.617919	36.499414
26	1	-94.61808	36.998135
26	1	-94.607354	39.113444
26	1	-94.591933	39.155003
26	1	-94.823791	39.209874
26	1	-94.885026	39.389801
26	1	-95.109304	39.542285
26	1	-94.862943	39.742994
26	1	-94.929574	39.888754
26	1	-95.128166	39.874165
26	1	-95.30829	39.999998
26	1	-95.477501	40.24272
26	1	-95.657328	40.310856
26	1	-95.65341	40.541893
26	1	-95.765645	40.585208
26	1	-94.294813	40.571341
27	1	-116.049193	49.000912
27	1	-111.500812	48.996963
27	1	-104.048736	48.999877
27	1	-104.045443	45.94531
27	1	-104.057698	44.997431
27	1	-106.263586	44.993788
27	1	-109.103445	45.005904
27	1	-110.552433	44.992237
27	1	-111.055199	45.001321
27	1	-111.048974	44.474072
27	1	-111.385005	44.755128
27	1	-111.471682	44.540824
27	1	-111.821488	44.509286
27	1	-112.286187	44.568472
27	1	-112.387389	44.448058
27	1	-112.781294	44.484888
27	1	-112.855395	44.359975
27	1	-113.003544	44.450814
27	1	-113.131453	44.772837
27	1	-113.455071	44.865424
27	1	-113.45197	45.059247
27	1	-113.738729	45.329741
27	1	-113.806729	45.602146
27	1	-113.986656	45.704564
27	1	-114.333218	45.459316
27	1	-114.559038	45.565706
27	1	-114.566172	45.773864
27	1	-114.388243	45.88234
27	1	-114.527096	46.146218
27	1	-114.445928	46.173933
27	1	-114.320665	46.646963
27	1	-114.76689	46.696901
27	1	-114.765106	46.758153
27	1	-114.920459	46.827697
27	1	-114.929997254	46.91962450436
27	1	-115.326903418	47.2559118211
27	1	-115.728801343	47.42892512114
27	1	-115.72377	47.696671
27	1	-116.04885	47.977186
28	1	-98.4985499475	42.9985597781
28	1	-98.035034	42.764205
28	1	-97.84527	42.867734
28	1	-97.237868	42.853139
28	1	-96.691269	42.6562
28	1	-96.611489	42.506088
28	1	-96.443408	42.489495
28	1	-96.347752	42.166806
28	1	-96.064879	41.79623
28	1	-96.09409	41.539265
28	1	-95.920281	41.451566
28	1	-95.956691	41.345496
28	1	-95.874689	41.307097
28	1	-95.927491	41.202198
28	1	-95.809474	40.891228
28	1	-95.888907	40.731855
28	1	-95.765645	40.585208
28	1	-95.65341	40.541893
28	1	-95.657328	40.310856
28	1	-95.477501	40.24272
28	1	-95.30829	39.999998
28	1	-102.051744	40.003078
28	1	-102.051614	41.002377
28	1	-104.053249	41.001406
28	1	-104.053127	43.000585
29	1	-117.026222	42.000252
29	1	-114.041723	41.99372
29	1	-114.0506	37.000396
29	1	-114.046838	36.194069
29	1	-114.148191	36.028013
29	1	-114.405475	36.147371
29	1	-114.755618	36.087166
29	1	-114.677420382	35.87472796293
29	1	-114.677643	35.489742
29	1	-114.569238	35.18348
29	1	-114.633013	35.002085
29	1	-115.852908	35.96966
29	1	-117.500117	37.22038
29	1	-118.714312	38.102185
29	1	-120.001014	38.999574
29	1	-119.999168	41.99454
30	1	-71.084334	45.305293
30	1	-70.972716	43.570255
30	1	-70.950838	43.551026
30	1	-70.987649	43.389521
30	1	-70.7038187049	43.0598247592
30	1	-70.817296	42.87229
30	1	-71.031201	42.859089
30	1	-71.294205	42.69699
30	1	-72.458519	42.726853
30	1	-72.556214	42.86695
30	1	-72.443762	43.006245
30	1	-72.37944	43.574069
30	1	-72.031898	44.076241
30	1	-72.033136	44.320365
30	1	-71.577643	44.502692
30	1	-71.631883	44.752463
30	1	-71.502487	45.013367
30	1	-71.442298	45.238547
31	1	-73.893979	40.997197
31	1	-74.024543	40.709436
31	1	-74.27269	40.488405
31	1	-73.978282	40.440208
31	1	-74.0969056483	39.76303026268
31	1	-74.334804	39.432001
31	1	-74.614481	39.244659
31	1	-74.792723	38.991991
31	1	-74.967274	38.933413
31	1	-74.887167	39.158825
31	1	-75.139136	39.180021
31	1	-75.536431	39.460559
31	1	-75.559446	39.629812
31	1	-75.415041	39.801786
31	1	-75.145421	39.884213
31	1	-75.12692	39.961112
31	1	-74.722604	40.15001
31	1	-75.058848	40.418065
31	1	-75.20392	40.691498
31	1	-75.051029	40.865662
31	1	-75.130575	40.991093
31	1	-74.694914	41.357423
32	1	-105.029228	36.992729
32	1	-103.002199	37.000104
32	1	-103.002434	36.500397
32	1	-103.041924	36.500439
32	1	-103.043531	34.018014
32	1	-103.064423	32.000518
32	1	-106.618486	32.000495
32	1	-106.528543	31.783907
32	1	-108.208394	31.783599
32	1	-108.208573	31.333395
32	1	-108.851105	31.332301
32	1	-109.050044	31.332502
32	1	-109.045223	36.999084
33	1	-73.343124	45.01084
33	1	-73.390231	44.618353
33	1	-73.293613	44.440559
33	1	-73.43774	44.045006
33	1	-73.350593	43.771939
33	1	-73.431229	43.588285
33	1	-73.241589	43.534973
33	1	-73.264957	42.74594
33	1	-73.487314	42.049638
33	1	-73.550961	41.295422
33	1	-73.482709	41.21276
33	1	-73.727775	41.100696
33	1	-73.657336	40.985171
33	1	-73.781369257	40.79490693007
33	1	-73.485365	40.946397
33	1	-73.229285	40.905121
33	1	-73.110368	40.971938
33	1	-72.585327	40.997587
33	1	-72.278789	41.158722
33	1	-72.10216	40.991509
33	1	-71.87391	41.052278
33	1	-72.469996	40.84274
33	1	-73.23914	40.6251
33	1	-73.934512	40.545175
33	1	-74.024543	40.709436
33	1	-73.893979	40.997197
33	1	-74.694914	41.357423
33	1	-74.983341	41.480894
33	1	-75.072172	41.813732
33	1	-75.359579	41.999445
33	1	-79.761374	41.999067
33	1	-79.761951	42.26986
33	1	-79.148723	42.553672
33	1	-78.853455	42.783958
33	1	-79.074467	43.077855
33	1	-79.070469	43.262454
33	1	-78.488857	43.374763
33	1	-77.760231	43.341161
33	1	-77.534184	43.234569
33	1	-76.794708	43.309632
33	1	-76.417581	43.521285
33	1	-76.217958	43.545156
33	1	-76.2827199067	43.85860062163
33	1	-76.125023	43.912773
33	1	-76.360306	44.070907
33	1	-76.312647	44.199044
33	1	-75.912985	44.368084
33	1	-75.283136	44.849156
33	1	-74.826578	45.01585
33	1	-74.731301	44.990422
34	1	-80.122183	36.542646
34	1	-75.867044	36.550754
34	1	-75.77251	36.22944
34	1	-75.5364277829	35.78011821513
34	1	-75.7236618726	36.00313923531
34	1	-75.8514700312	36.41578467905
34	1	-76.0037076634	36.50623486333
34	1	-75.7939739125	36.07170973907
34	1	-76.0317843092	36.18913136891
34	1	-76.5143352253	36.00564013993
34	1	-76.6533315836	36.03512420988
34	1	-76.7001902104	35.96457303374
34	1	-76.0620705065	35.99300411432
34	1	-75.7824982294	35.93561547378
34	1	-75.7298018494	35.62598499653
34	1	-76.0692812606	35.3708133974
34	1	-76.1496546891	35.32641129764
34	1	-76.6285229638	35.36800304782
34	1	-76.4677761176	35.27695065796
34	1	-76.6285229638	34.99480060719
34	1	-76.4634677537	35.07641093909
34	1	-76.2883541157	35.00572611598
34	1	-76.4031080229	34.80615271642
34	1	-76.0359330173	35.05898743139
34	1	-76.386804	34.784579
34	1	-76.5359463857	34.5885765022
34	1	-76.676312	34.693151
34	1	-76.990262	34.669623
34	1	-77.556943	34.417218
34	1	-77.829209	34.162618
34	1	-77.970606	33.844517
34	1	-78.17772	33.914272
34	1	-78.541087	33.851112
34	1	-79.675299	34.804744
34	1	-80.797543	34.819786
34	1	-80.782042	34.935782
34	1	-80.93495	35.107409
34	1	-81.041489	35.044703
34	1	-81.0436254492	35.1498772947
34	1	-82.27492	35.200071
34	1	-82.371297839	35.1814486665
34	1	-82.39293	35.215402
34	1	-82.7577044854	35.0680188847
34	1	-83.108535	35.000771
34	1	-84.321869	34.988408
34	1	-84.29024	35.225572
34	1	-84.052612	35.269982
34	1	-83.880074	35.518745
34	1	-83.498335	35.562981
34	1	-83.159208	35.764892
34	1	-82.992053	35.773948
34	1	-82.898505	35.945101
34	1	-82.637165	36.065805
34	1	-82.557874	35.953901
34	1	-82.355157	36.115609
34	1	-82.033141	36.120422
34	1	-81.908137	36.302013
34	1	-81.707438	36.335171
34	1	-81.677535	36.588117
34	2	-75.5165586723	35.26783016524
34	2	-75.533627	35.225825
34	2	-76.013145	35.061855
34	2	-75.6193752875	35.24614896279
34	2	-75.5357406249	35.27285613287
34	2	-75.4876781434	35.48505635509
34	2	-75.5289921663	35.77628932909
34	2	-75.458659333	35.59659747118
35	1	-97.229039	49.000687
35	1	-97.0973372031	48.68518586573
35	1	-97.1421327488	48.14498108639
35	1	-96.855421	47.60875
35	1	-96.834603461	47.00772129705
35	1	-96.7595278249	46.92576852302
35	1	-96.798823	46.658071
35	1	-96.599761	46.330386
35	1	-96.56328	45.935238
35	1	-104.045443	45.94531
35	1	-104.048736	48.999877
36	1	-80.518991	40.638801
36	1	-80.667957	40.582496
36	1	-80.599895	40.317669
36	1	-80.869092	39.766364
36	1	-80.88036	39.620706
36	1	-81.217315	39.38759
36	1	-81.456143	39.409274
36	1	-81.683627	39.270939
36	1	-81.813855	39.079278
36	1	-81.762659	38.924121
36	1	-81.898541	38.874582
36	1	-82.035963	39.025478
36	1	-82.221566	38.787187
36	1	-82.177267	38.603784
36	1	-82.330335	38.4445
36	1	-82.593673	38.421809
36	1	-82.844306	38.590862
36	1	-82.889193	38.756076
36	1	-83.294193	38.596588
36	1	-83.520953	38.703045
36	1	-83.679484	38.630036
36	1	-83.873168	38.762418
36	1	-84.212904	38.805707
36	1	-84.455342	39.12036
36	1	-84.820157	39.10548
36	1	-84.806082	41.696089
36	1	-83.453832	41.732647
36	1	-82.934369	41.514353
36	1	-82.834101	41.587587
36	1	-82.481214	41.381342
36	1	-82.011966	41.515639
36	1	-81.738755	41.48855
36	1	-81.286925	41.760243
36	1	-80.519425	41.977523
37	1	-94.61808	36.998135
37	1	-94.617919	36.499414
37	1	-94.431215	35.39429
37	1	-94.485875	33.637867
37	1	-94.8693	33.745871
37	1	-95.226393	33.961954
37	1	-95.2878647865	33.87494634339
37	1	-95.599678	33.934247
37	1	-95.772067	33.843817
37	1	-96.14807	33.837799
37	1	-96.348306	33.686379
37	1	-96.587934	33.894784
37	1	-96.761588	33.824406
37	1	-96.981337	33.956378
37	1	-97.126102	33.716941
37	1	-97.210921	33.916064
37	1	-97.426493	33.819398
37	1	-97.671772	33.99137
37	1	-97.967777	33.88243
37	1	-98.109462	34.154111
37	1	-98.364023	34.157109
37	1	-98.486328	34.062598
37	1	-98.599789	34.160571
37	1	-98.757037	34.124633
37	1	-99.189511	34.214312
37	1	-99.358795	34.455863
37	1	-99.40296	34.373481
37	1	-99.696462	34.381036
37	1	-100.000381	34.560509
37	1	-100.000406	36.499702
37	1	-103.002434	36.500397
37	1	-103.002199	37.000104
37	1	-102.04224	36.993083
37	1	-100.115722	37.002206
38	1	-123.115904	46.185268
38	1	-122.904119	46.083734
38	1	-122.76381	45.657138
38	1	-122.294901	45.543541
38	1	-121.811304	45.706761
38	1	-121.33777	45.704949
38	1	-121.167852	45.606098
38	1	-120.634968	45.745847
38	1	-120.40396	45.699249
38	1	-119.669877	45.856867
38	1	-119.600549	45.919581
38	1	-119.12612	45.932859
38	1	-118.987129	45.999855
38	1	-116.915989	45.995413
38	1	-116.782676	45.825376
38	1	-116.546643	45.750972
38	1	-116.463635	45.602785
38	1	-116.847944	45.022602
38	1	-116.852427	44.887577
38	1	-117.062273	44.727143
38	1	-117.242675	44.396548
38	1	-117.198147	44.273828
38	1	-116.894083	44.160191
38	1	-117.026870719	43.83247867578
38	1	-117.026222	42.000252
38	1	-119.999168	41.99454
38	1	-122.378193	42.009518
38	1	-124.211605	41.99846
38	1	-124.356229	42.114952
38	1	-124.429288	42.331746
38	1	-124.401177	42.627192
38	1	-124.552441	42.840568
38	1	-124.402814	43.305872
38	1	-124.233534	43.55713
38	1	-124.067569	44.428582
38	1	-124.074066	44.798107
38	1	-123.975425	45.145476
38	1	-123.939005	45.661923
38	1	-123.993703	45.946431
38	1	-123.927891	46.009564
38	1	-124.024305	46.229256
38	1	-123.854800757	46.15734174183
38	1	-123.547659	46.259109
38	1	-123.371433	46.146372
39	1	-79.761374	41.999067
39	1	-75.359579	41.999445
39	1	-75.072172	41.813732
39	1	-74.983341	41.480894
39	1	-74.694914	41.357423
39	1	-75.130575	40.991093
39	1	-75.051029	40.865662
39	1	-75.20392	40.691498
39	1	-75.058848	40.418065
39	1	-74.722604	40.15001
39	1	-75.12692	39.961112
39	1	-75.145421	39.884213
39	1	-75.415041	39.801786
39	1	-75.617251	39.833999
39	1	-75.788359	39.721811
39	1	-79.476662	39.721078
39	1	-80.519342	39.721403
39	1	-80.518991	40.638801
39	1	-80.519425	41.977523
39	1	-79.761951	42.26986
40	1	-71.381401	42.018798
40	1	-71.2247976751	41.7104976627
40	1	-71.2595599113	41.64259542507
40	1	-71.4493179321	41.68740081787
40	1	-71.483295	41.371722
40	1	-71.8595697162	41.32239914493
40	1	-71.797683	41.416709
40	1	-71.799242	42.008065
40	2	-71.1956401751	41.67509050195
40	2	-71.12057	41.497448
40	2	-71.1968572635	41.46111587024
40	2	-71.2407102552	41.47487181653
40	2	-71.3627427483	41.46037917785
41	1	-82.7577044854	35.0680188847
41	1	-82.39293	35.215402
41	1	-82.371297839	35.1814486665
41	1	-82.27492	35.200071
41	1	-81.0436254492	35.1498772947
41	1	-81.041489	35.044703
41	1	-80.93495	35.107409
41	1	-80.782042	34.935782
41	1	-80.797543	34.819786
41	1	-79.675299	34.804744
41	1	-78.541087	33.851112
41	1	-78.938076	33.639826
41	1	-79.135441	33.403867
41	1	-79.18787	33.173712
41	1	-79.359961	33.006672
41	1	-79.55756	33.021269
41	1	-79.576006	32.906235
41	1	-79.999374	32.611851
41	1	-80.332438	32.478104
41	1	-80.472068	32.496964
41	1	-80.455192	32.326458
41	1	-80.6586344632	32.24863772209
41	1	-80.885517	32.0346
41	1	-81.117234	32.117605
41	1	-81.186829	32.464086
41	1	-81.41866	32.629392
41	1	-81.492253	33.009342
41	1	-81.743835	33.14145
41	1	-81.939737	33.344941
41	1	-81.926336	33.462937
41	1	-82.186154	33.62088
41	1	-82.32448	33.820033
41	1	-82.556835	33.945353
41	1	-82.876864	34.475303
41	1	-83.034712	34.483495
41	1	-83.3386899941	34.68200151155
41	1	-83.108535	35.000771
42	1	-104.045443	45.94531
42	1	-96.56328	45.935238
42	1	-96.857751	45.605962
42	1	-96.453067	45.298115
42	1	-96.453049	43.500415
42	1	-96.598928	43.500457
42	1	-96.58522	43.268878
42	1	-96.436589	43.120842
42	1	-96.639704	42.737071
42	1	-96.443408	42.489495
42	1	-96.611489	42.506088
42	1	-96.691269	42.6562
42	1	-97.237868	42.853139
42	1	-97.84527	42.867734
42	1	-98.035034	42.764205
42	1	-98.4985499475	42.9985597781
42	1	-104.053127	43.000585
42	1	-104.057698	44.997431
43	1	-88.053205	36.497129
43	1	-88.070532	36.678118
43	1	-87.853204	36.633247
43	1	-86.507771	36.652445
43	1	-84.543138	36.596277
43	1	-83.675413	36.600814
43	1	-81.934144	36.594213
43	1	-81.922644	36.616213
43	1	-81.677535	36.588117
43	1	-81.707438	36.335171
43	1	-81.908137	36.302013
43	1	-82.033141	36.120422
43	1	-82.355157	36.115609
43	1	-82.557874	35.953901
43	1	-82.637165	36.065805
43	1	-82.898505	35.945101
43	1	-82.992053	35.773948
43	1	-83.159208	35.764892
43	1	-83.498335	35.562981
43	1	-83.880074	35.518745
43	1	-84.052612	35.269982
43	1	-84.29024	35.225572
43	1	-84.321869	34.988408
43	1	-85.605165	34.984678
43	1	-88.202959	35.008028
43	1	-88.200064	34.995634
43	1	-90.309297	34.995694
43	1	-90.065392	35.137691
43	1	-90.170599	35.418352
43	1	-89.909022	35.520548
43	1	-89.958687	35.727706
43	1	-89.703875	35.820281
43	1	-89.733095	36.000608
43	1	-89.592102	36.135637
43	1	-89.698568	36.250591
43	1	-89.534745	36.252576
43	1	-89.5391	36.498201
43	1	-89.417293	36.499033
44	1	-100.000406	36.499702
44	1	-100.000381	34.560509
44	1	-99.696462	34.381036
44	1	-99.40296	34.373481
44	1	-99.358795	34.455863
44	1	-99.189511	34.214312
44	1	-98.757037	34.124633
44	1	-98.599789	34.160571
44	1	-98.486328	34.062598
44	1	-98.364023	34.157109
44	1	-98.109462	34.154111
44	1	-97.967777	33.88243
44	1	-97.671772	33.99137
44	1	-97.426493	33.819398
44	1	-97.210921	33.916064
44	1	-97.126102	33.716941
44	1	-96.981337	33.956378
44	1	-96.761588	33.824406
44	1	-96.587934	33.894784
44	1	-96.348306	33.686379
44	1	-96.14807	33.837799
44	1	-95.772067	33.843817
44	1	-95.599678	33.934247
44	1	-95.2878647865	33.87494634339
44	1	-95.226393	33.961954
44	1	-94.8693	33.745871
44	1	-94.485875	33.637867
44	1	-94.381667	33.544035
44	1	-94.04345	33.552253
44	1	-94.042964	33.019219
44	1	-94.041833	31.992402
44	1	-93.822598	31.773559
44	1	-93.834924	31.586211
44	1	-93.7267362856	31.51159993137
44	1	-93.600308	31.176158
44	1	-93.533307	31.184463
44	1	-93.5164072638	31.02955043336
44	1	-93.561666	30.807739
44	1	-93.740253	30.539569
44	1	-93.699396	30.05925
44	1	-93.927992	29.80964
44	1	-93.837971	29.690619
44	1	-94.132577	29.646217
44	1	-94.495025	29.525031
44	1	-94.780938	29.531093
44	1	-94.740919	29.787081
44	1	-94.965963	29.70033
44	1	-95.018253	29.554885
44	1	-94.886536208	29.29782633158
44	1	-94.72253	29.331446
44	1	-95.38239	28.866348
44	1	-96.2203761842	28.491966
44	1	-95.9785258922	28.65059359073
44	1	-96.2289087872	28.58087315863
44	1	-96.222801895	28.69843098348
44	1	-96.4879430889	28.56967719292
44	1	-96.4039732006	28.44245010815
44	1	-96.6726768313	28.33557934708
44	1	-96.7759851999	28.40580869097
44	1	-96.800412818	28.22412841935
44	1	-97.0273859283	28.12438239869
44	1	-97.1871831359	27.82412648356
44	1	-97.3790415645	27.83786701809
44	1	-97.2539551502	27.69669584532
44	1	-97.4019424028	27.33557449777
44	1	-97.6401114985	27.27094312934
44	1	-97.4240798807	27.26407289166
44	1	-97.5632662866	26.84218788694
44	1	-97.4716627905	26.75872692525
44	1	-97.441382709	26.45541754184
44	1	-97.3304406931	26.35058242794
44	1	-97.2950715542	26.10834205755
44	1	-97.152009	26.062108
44	1	-97.147785	25.953132
44	1	-97.422636	25.840378
44	1	-97.6491755187	26.02149931167
44	1	-98.197046	26.056153
44	1	-98.4509756993	26.21990396134
44	1	-98.669397	26.23632
44	1	-98.807348	26.369421
44	1	-99.085126	26.398782
44	1	-99.268613	26.843213
44	1	-99.446524	27.023008
44	1	-99.537771	27.316073
44	1	-99.512219	27.568094
44	1	-99.841708	27.766464
44	1	-99.931812	27.980967
44	1	-100.293468	28.278475
44	1	-100.333814	28.499252
44	1	-100.500354	28.66196
44	1	-100.674656	29.099777
44	1	-100.797671	29.246943
44	1	-101.060151	29.458661
44	1	-101.254895	29.520342
44	1	-101.415402087	29.75656134644
44	1	-101.546797211	29.7969906453
44	1	-101.646418	29.754304
44	1	-102.115682	29.79239
44	1	-102.315389	29.87992
44	1	-102.386677617	29.76687989039
44	1	-102.67097146	29.74195447782
44	1	-102.883722	29.348059
44	1	-102.866846	29.225015
44	1	-103.115328	28.98527
44	1	-103.28118993	28.9821379824
44	1	-103.816641822	29.27092719156
44	1	-104.038282	29.320156
44	1	-104.50756806	29.63962385356
44	1	-104.679772	29.924659
44	1	-104.687296	30.179464
44	1	-104.924796	30.604832
44	1	-105.394242075	30.8529790038
44	1	-105.953943	31.364749
44	1	-106.205827	31.465976
44	1	-106.381039	31.73211
44	1	-106.528543	31.783907
44	1	-106.618486	32.000495
44	1	-103.064423	32.000518
44	1	-103.043531	34.018014
44	1	-103.041924	36.500439
44	1	-103.002434	36.500397
44	2	-97.1042638314	27.82222773506
44	2	-96.8794240926	28.13140242589
44	2	-96.397846	28.343513
44	2	-96.849624	28.064939
44	2	-97.166682	27.676583
44	2	-97.363401	27.210366
44	2	-97.3520283504	26.81152008506
44	2	-97.2476187919	26.45626077591
44	2	-97.370437657	26.72389587187
44	2	-97.3900781971	27.15651151925
44	2	-97.3172772558	27.46368957475
45	1	-111.046689	42.001567
45	1	-111.046723	40.997959
45	1	-109.050076	41.000659
45	1	-109.060062	38.275489
45	1	-109.045223	36.999084
45	1	-114.0506	37.000396
45	1	-114.041723	41.99372
46	1	-73.343124	45.01084
46	1	-71.502487	45.013367
46	1	-71.631883	44.752463
46	1	-71.577643	44.502692
46	1	-72.033136	44.320365
46	1	-72.031898	44.076241
46	1	-72.37944	43.574069
46	1	-72.443762	43.006245
46	1	-72.556214	42.86695
46	1	-72.458519	42.726853
46	1	-73.264957	42.74594
46	1	-73.241589	43.534973
46	1	-73.431229	43.588285
46	1	-73.350593	43.771939
46	1	-73.43774	44.045006
46	1	-73.293613	44.440559
46	1	-73.390231	44.618353
47	1	-78.347087	39.466012
47	1	-77.828157	39.132329
47	1	-77.719029	39.321125
47	1	-77.566596	39.306121
47	1	-77.519929	39.120925
47	1	-77.1199	38.934311
47	1	-77.038598	38.791513
47	1	-77.1302	38.635017
47	1	-77.246704	38.635217
47	1	-77.279633	38.339444
47	1	-77.043526	38.400548
47	1	-76.962311	38.214075
47	1	-76.613939	38.148587
47	1	-76.236725	37.889174
47	1	-76.36232	37.610368
47	1	-76.784618	37.869569
47	1	-76.542666	37.616857
47	1	-76.300144	37.561734
47	1	-76.275552	37.309964
47	1	-76.415167	37.402133
47	1	-76.50364	37.233856
47	1	-76.292344	37.126615
47	1	-76.304272	37.001378
47	1	-76.428869	36.969947
47	1	-76.649869	37.220914
47	1	-76.685614	37.198851
47	1	-76.662558	37.045748
47	1	-76.469914	36.882898
47	1	-76.297663	36.968147
47	1	-75.996252	36.922047
47	1	-75.867044	36.550754
47	1	-80.122183	36.542646
47	1	-81.677535	36.588117
47	1	-81.922644	36.616213
47	1	-81.934144	36.594213
47	1	-83.675413	36.600814
47	1	-83.136395	36.743088
47	1	-82.878569	36.889585
47	1	-82.722097	37.120168
47	1	-82.350948	37.267077
47	1	-81.968297	37.537798
47	1	-81.925643	37.357316
47	1	-81.67821	37.201483
47	1	-81.362156	37.337687
47	1	-81.225104	37.234874
47	1	-80.900535	37.315
47	1	-80.859556	37.429568
47	1	-80.46482	37.426144
47	1	-80.299789	37.508271
47	1	-80.296138	37.691783
47	1	-79.999384	37.995842
47	1	-79.916344	38.186278
47	1	-79.788945	38.268703
47	1	-79.649075	38.591515
47	1	-79.282971	38.418095
47	1	-78.998171	38.847353
47	1	-78.869276	38.762991
47	1	-78.403697	39.167451
47	2	-75.242266	38.027209
47	2	-75.514921	37.799149
47	2	-75.665957	37.439209
47	2	-75.798448	37.296285
47	2	-75.800755	37.197297
47	2	-75.906734	37.114193
47	2	-76.018645	37.31782
47	2	-75.818125	37.791698
47	2	-75.689837	37.861817
47	2	-75.757694	37.903912
47	2	-75.669711	37.950796
48	1	-117.032351	48.999188
48	1	-117.034696	46.418318
48	1	-117.062748	46.353624
48	1	-116.915989	45.995413
48	1	-118.987129	45.999855
48	1	-119.12612	45.932859
48	1	-119.600549	45.919581
48	1	-119.669877	45.856867
48	1	-120.40396	45.699249
48	1	-120.634968	45.745847
48	1	-121.167852	45.606098
48	1	-121.33777	45.704949
48	1	-121.811304	45.706761
48	1	-122.294901	45.543541
48	1	-122.76381	45.657138
48	1	-122.904119	46.083734
48	1	-123.115904	46.185268
48	1	-123.371433	46.146372
48	1	-123.547659	46.259109
48	1	-124.082187	46.269159
48	1	-124.068655	46.634879
48	1	-123.943667	46.477197
48	1	-123.84621	46.716795
48	1	-124.092176	46.741624
48	1	-124.138225	46.905534
48	1	-123.86018	46.948556
48	1	-124.122057	47.04165
48	1	-124.180111	46.926357
48	1	-124.182802	47.134041
48	1	-124.319379	47.355559
48	1	-124.425195	47.738434
48	1	-124.672427	47.964414
48	1	-124.716947	48.389776
48	1	-123.981032	48.164761
48	1	-123.332699	48.11297
48	1	-123.133445397	48.17727618444
48	1	-122.877641	48.047025
48	1	-122.760448	48.14324
48	1	-122.610341	47.887343
48	1	-122.482529	47.815511
48	1	-122.546611	47.52355
48	1	-122.373629	47.388718
48	1	-122.575984999	47.32641999492
48	1	-122.4442	47.266723
48	1	-122.324833	47.348521
48	1	-122.394944	47.803318
48	1	-122.224979	48.016626
48	1	-122.396121	48.229233
48	1	-122.512031	48.133931
48	1	-122.371693	48.287839
48	1	-122.712322	48.464143
48	1	-122.471832	48.470724
48	1	-122.425271	48.599522
48	1	-122.673471939	48.73308165988
48	1	-122.75802	49.002357
48	2	-123.023206616	48.58457460929
48	2	-122.918252	48.713505
48	2	-122.743049	48.661991
48	2	-122.809622	48.619035
48	2	-122.803521	48.428748
48	2	-122.866865339	48.41908868887
48	2	-123.151065	48.513955
48	2	-123.178425	48.622115
48	3	-122.716957063	48.30826875455
48	3	-122.596731711	48.40562565046
48	3	-122.504729	48.300373
48	3	-122.668385	48.223967
48	3	-122.373905692	48.00801291891
48	3	-122.380497	47.904023
48	3	-122.546824	47.967215
48	3	-122.770045	48.224395
49	1	-80.518991	40.638801
49	1	-80.519342	39.721403
49	1	-79.476662	39.721078
49	1	-79.486873	39.205961
49	1	-79.0965165645	39.47279896507
49	1	-78.956751	39.440264
49	1	-78.775241	39.645687
49	1	-78.471166	39.516103
49	1	-78.176625	39.695967
49	1	-77.833568	39.602936
49	1	-77.719029	39.321125
49	1	-77.828157	39.132329
49	1	-78.347087	39.466012
49	1	-78.403697	39.167451
49	1	-78.869276	38.762991
49	1	-78.998171	38.847353
49	1	-79.282971	38.418095
49	1	-79.649075	38.591515
49	1	-79.788945	38.268703
49	1	-79.916344	38.186278
49	1	-79.999384	37.995842
49	1	-80.296138	37.691783
49	1	-80.299789	37.508271
49	1	-80.46482	37.426144
49	1	-80.859556	37.429568
49	1	-80.900535	37.315
49	1	-81.225104	37.234874
49	1	-81.362156	37.337687
49	1	-81.67821	37.201483
49	1	-81.925643	37.357316
49	1	-81.968297	37.537798
49	1	-82.303953	37.67576
49	1	-82.501862	37.9332
49	1	-82.644739	38.165487
49	1	-82.593673	38.421809
49	1	-82.330335	38.4445
49	1	-82.177267	38.603784
49	1	-82.221566	38.787187
49	1	-82.035963	39.025478
49	1	-81.898541	38.874582
49	1	-81.762659	38.924121
49	1	-81.813855	39.079278
49	1	-81.683627	39.270939
49	1	-81.456143	39.409274
49	1	-81.217315	39.38759
49	1	-80.88036	39.620706
49	1	-80.869092	39.766364
49	1	-80.599895	40.317669
49	1	-80.667957	40.582496
50	1	-90.418136	46.566094
50	1	-90.120489	46.336852
50	1	-89.09163	46.138505
50	1	-88.6629021413	45.98873046886
50	1	-88.102908	45.921869
50	1	-88.129461	45.809288
50	1	-87.782226	45.683053
50	1	-87.888052	45.354697
50	1	-87.657349	45.368752
50	1	-87.736509	45.173389
50	1	-87.590208	45.095264
50	1	-87.630298	44.976865
50	1	-87.819525	44.951109
50	1	-87.983494	44.720196
50	1	-87.943801	44.529693
50	1	-87.610063	44.838384
50	1	-87.384821	44.865532
50	1	-87.231214	45.172887
50	1	-86.970355	45.278455
50	1	-87.048213	45.089124
50	1	-87.468093	44.551925
50	1	-87.512903	44.192808
50	1	-87.736178	43.880421
50	1	-87.702685	43.687596
50	1	-87.911787	43.250406
50	1	-87.7666751046	42.7848958381
50	1	-87.800477	42.49192
50	1	-90.640927	42.508302
50	1	-90.709204	42.636078
50	1	-91.06468	42.750914
50	1	-91.179457	43.067427
50	1	-91.057918	43.255366
50	1	-91.217706	43.50055
50	1	-91.244135	43.774667
50	1	-91.432522	43.996827
50	1	-91.875158	44.200575
50	1	-91.970266	44.365842
50	1	-92.336114	44.554004
50	1	-92.54806	44.567792
50	1	-92.807988	44.75147
50	1	-92.761868	45.287013
50	1	-92.646602	45.441635
50	1	-92.883749	45.575483
50	1	-92.869193	45.717568
50	1	-92.707702	45.894901
50	1	-92.2940330005	46.07437706632
50	1	-92.291292	46.668142
50	1	-92.01529	46.706469
50	1	-91.790132	46.694675
50	1	-91.10549	46.85762
50	1	-90.855874	46.962232
50	1	-90.751031	46.887963
50	1	-90.951476	46.597033
50	1	-90.73726	46.692267
51	1	-106.263586	44.993788
51	1	-104.057698	44.997431
51	1	-104.053127	43.000585
51	1	-104.053249	41.001406
51	1	-109.050076	41.000659
51	1	-111.046723	40.997959
51	1	-111.046689	42.001567
51	1	-111.048974	44.474072
51	1	-111.055199	45.001321
51	1	-110.552433	44.992237
51	1	-109.103445	45.005904
52	1	-66.4503881782	17.98324183138
52	1	-66.770307	18.005955
52	1	-66.923826	17.926923
52	1	-67.194785	17.932826
52	1	-67.152665	18.203493
52	1	-67.27135	18.362329
52	1	-67.093752	18.515757
52	1	-66.3150307305	18.47468025999
52	1	-65.904988	18.450926
52	1	-65.668845	18.361939
52	1	-65.618229	18.386496
52	1	-65.589947	18.228225
52	1	-65.924738	17.976087
52	1	-66.159742	17.928613